0.930903 0.0690971 
0.971186 0.0288136 
0.934233 0.0657673 
0.970894 0.029106 
0.933945 0.066055 
0.941007 0.0589928 
0.942857 0.0571429 
0.965724 0.0342764 
0.938865 0.0611354 
0.833071 0.166929 
0.957983 0.0420168 
0.935335 0.0646651 
0.973835 0.0261646 
0.954492 0.0455076 
0.954329 0.0456708 
0.959547 0.0404531 
0.961582 0.0384181 
0.96065 0.0393499 
0.938158 0.0618421 
0.959596 0.040404 
0.943144 0.0568562 
0.783711 0.216289 
0.957409 0.0425909 
0.966359 0.0336412 
0.931238 0.0687623 
0.820312 0.179688 
0.933735 0.0662651 
0.834025 0.165975 
0.945055 0.0549451 
0.974406 0.0255941 
