0.751228 0.00878716 0.00366019 0.00511351 0.00265095 0.00745495 0.0347853 0.0135508 0.00402352 0.00785865 0.00495203 0.00309502 0.0150848 0.00531536 0.00684941 0.0150848 0.00721274 0.0093927 0.00902938 0.00838346 0.004185 0.00862568 0.0120975 0.0164978 0.0028528 0.00228762 0.00402352 0.0015206 0.0055172 0.0188796 
0.788758 0.00507949 0.00475527 0.00475527 0.00345838 0.00410682 0.0260891 0.0141577 0.00391229 0.0119854 0.00592247 0.00245328 0.00556582 0.00718694 0.0110128 0.0110128 0.00566309 0.00864594 0.0029072 0.00543613 0.00997525 0.018016 0.00375018 0.0153249 0.00141577 0.00329626 0.00280993 8.64594e-005 0.0026154 0.00984556 
0.0431373 0.0196078 0.0313725 0.0196078 0.0313725 0.0313725 0.0901961 0.101961 0.0313725 0.054902 0.0313725 0.0196078 0.0313725 0.054902 0.0313725 0.0196078 0.0313725 0.0196078 0.0196078 0.0313725 0.0196078 0.0313725 0.0196078 0.0313725 0.0196078 0.0196078 0.0196078 0.0313725 0.0196078 0.0431373 
0.04451 0.0481987 0.00651666 0.0566827 0.00909873 0.00319685 0.19759 0.0452478 0.0072544 0.0419279 0.0072544 0.00762326 0.0943071 0.0301242 0.0105742 0.0341817 0.0338129 0.0463544 0.00762326 0.0382393 0.0231157 0.0603713 0.0127874 0.0113119 0.0120497 0.0172138 0.0172138 0.019427 0.0286487 0.0275421 
0.659589 0.0131593 0.00922722 0.0164622 0.00623886 0.00419419 0.0430429 0.0203943 0.00482332 0.0144175 0.00655342 0.0032505 0.0186642 0.00262137 0.0144175 0.0222816 0.00859809 0.019136 0.0126874 0.00592429 0.0136311 0.0208661 0.011901 0.00560973 0.0131593 0.00403691 0.00671071 0.000576701 0.00608158 0.0117437 
0.662066 0.00778225 0.00559709 0.0133027 0.00295189 0.0115775 0.0537857 0.0281388 0.000766724 0.017788 0.00467702 0.00191681 0.0228484 0.00536707 0.0112325 0.0246885 0.00559709 0.0129576 0.0103124 0.0070922 0.0070922 0.04447 0.00387196 0.00433199 0.00720721 0.00226184 0.00421698 0.0018018 0.0057121 0.00858731 
0.0333333 0.0333333 0.0333333 0.0333333 0.0333333 0.0333333 0.0333333 0.0333333 0.0333333 0.0333333 0.0333333 0.0333333 0.0333333 0.0333333 0.0333333 0.0333333 0.0333333 0.0333333 0.0333333 0.0333333 0.0333333 0.0333333 0.0333333 0.0333333 0.0333333 0.0333333 0.0333333 0.0333333 0.0333333 0.0333333 
0.527881 0.0189038 0.0136316 0.0164814 0.0103543 0.023036 0.00436972 0.03871 0.0100693 0.0167664 0.0117792 0.0102118 0.0113518 0.0126342 0.0193312 0.0464045 0.00650708 0.0156265 0.0150565 0.00992685 0.00508217 0.00850195 0.0228935 0.045407 0.0106393 0.00280232 0.00864444 0.00864444 0.0106393 0.0377125 
0.0333333 0.0333333 0.0333333 0.0333333 0.0333333 0.0333333 0.0333333 0.0333333 0.0333333 0.0333333 0.0333333 0.0333333 0.0333333 0.0333333 0.0333333 0.0333333 0.0333333 0.0333333 0.0333333 0.0333333 0.0333333 0.0333333 0.0333333 0.0333333 0.0333333 0.0333333 0.0333333 0.0333333 0.0333333 0.0333333 
0.753405 0.0139764 0.00379133 0.00636732 0.00676363 0.00184943 0.0398948 0.00997371 0.00280057 0.00739772 0.00731846 0.00446505 0.0130649 0.00906221 0.00589176 0.0129856 0.00997371 0.00640695 0.00442542 0.00807144 0.00795255 0.0119949 0.0146105 0.00684289 0.00406875 0.00299872 0.00343466 0.00113608 0.00557471 0.0135008 
